{
  "camera_matrix": {
    "type_id": "opencv-matrix",
    "rows": 3,
    "cols": 3,
    "dt": "d",
    "data": [
      9.0662820983393954e2, 0.0, 1.0595831159940096e3, 0.0,
      8.9934143189116082e2, 4.0814204181095624e2, 0.0, 0.0, 1.0
    ]
  },
  "dist_coeff": {
    "type_id": "opencv-matrix",
    "rows": 1,
    "cols": 5,
    "dt": "d",
    "data": [
      -1.0696498118018233e-2, 7.5666853688601765e-2, 2.053905401271272e-6,
      -4.1734035867797619e-3, -8.7624156835345871e-2
    ]
  }
}
